448
183.64944824776788 58.90930955133915 0.9100042544642795
129.43642424776786 58.39094155133914 -129.8873397455357
-1.3851117522321428 58.70377355133913 -184.04356374553572
-132.18165575223213 59.66447755133913 -129.8346677455357
-186.33439175223214 60.71033355133915 0.9845002544642792
-132.12136775223212 61.22870155133916 131.7818762544643
-1.299831752232143 60.91590155133917 185.9380682544643
-1.3424877522321428 62.176637551339155 0.9472522544642791
129.49671224776787 59.95519755133917 131.7291722544643
-1.525399752232143 29.877437551339135 -183.8711797455357
-1.482775752232143 35.26191755133915 1.1196362544642824
129.35642424776788 31.128829551339155 131.90155625446428
-1.440119752232143 32.089565551339184 186.1104522544643
129.29613624776786 29.564605551339127 -129.7149237455357
-132.32197575223213 30.838141551339135 -129.6622517455357
-186.47467975223213 31.88402955133914 1.1568842544642828
-132.26165575223214 32.40236555133916 131.9542602544643
183.50916024776788 30.083005551339156 1.0823882544642829
138.30234424776788 31.99526155133916 140.8342282544643
196.15588024776787 30.877917551339138 1.074740254464283
138.23792824776788 30.324125551339133 -138.66145174553571
-1.5241197522321428 30.658333551339116 -196.5188277455357
-1.301111752232143 60.13500555133917 198.5856522544643
138.43431224776788 59.10863755133916 140.6720842544643
138.36986424776788 57.43750155133914 -138.8235957455357
-1.392183752232143 57.77170955133912 -196.6809077455357
-141.12757575223213 58.798077551339134 -138.7673397455357
-198.98114375223213 59.915389551339146 0.9921802544642794
-141.06312775223213 60.46918155133916 140.7283722544643
196.28781624776786 57.991293551339155 0.9125962544642796
-199.11307975223212 32.80204555133916 1.1543242544642827
-141.19509575223213 33.35580555133916 140.8905482544643
-1.433047752232143 33.02162955133918 198.74786025446429
-141.25951175223213 31.684701551339142 -138.6051957455357
111.89063224776785 29.753437551339147 -112.30199574553572
21.46964024776786 29.969661551339126 -149.7336117455357
66.24445624776786 32.32153355133915 -66.63665174553572
21.609928247767858 58.795997551339134 -149.9060277455357
65.79668024776785 60.19609355133914 -66.22081174553573
112.03092024776785 58.579805551339135 -112.47437974553573
149.50176824776787 58.93807755133915 -22.07012374553572
149.36148024776787 30.15279755133916 -21.897739745535716
112.88455224776786 31.110557551339156 115.43688425446427
151.21812024776787 30.392317551339165 22.83282025446428
62.448648247767856 59.84322955133916 64.72184425446429
113.02487224776786 59.93689355133917 115.26450025446428
20.43677624776786 60.616957551339176 153.63781225446428
151.35840824776787 59.19654155133915 22.66043625446428
20.296488247767858 31.790621551339175 153.8102282544643
68.43565624776785 33.63190155133915 70.99736425446427
-116.78741575223215 32.23449355133917 116.47342825446428
-66.65810375223215 33.86169355133915 66.32251625446428
-155.97563975223213 60.684797551339145 21.41483625446428
-116.64712775223215 61.06082955133917 116.30101225446428
-65.92863175223215 61.66271755133915 65.56059625446427
-156.11595975223213 31.86198155133916 21.58722025446428
-21.74338375223214 60.83388555133917 155.5883402544643
-21.883671752232143 32.007549551339174 155.7607242544643
-19.728855752232143 30.127773551339143 -156.8211317455357
-67.85695175223215 33.73186955133915 -65.23556374553573
-19.58856775223214 58.95410955133912 -156.99351574553572
-61.60866375223215 59.84559755133915 -59.281131745535724
-118.38719175223214 59.67980555133913 -116.04625174553573
-118.52751175223214 30.853469551339145 -115.87383574553571
-159.29205575223213 60.46978955133915 -17.230539745535722
-159.43234375223213 31.643485551339136 -17.058155745535718
-19.695639752232143 36.953213551339125 -156.86196374553572
-67.82363975223214 40.311261551339136 -65.27649174553572
-19.62178375223214 52.12866955133912 -156.9526837455357
-61.630807752232144 55.500925551339144 -59.25389974553572
-118.42040775223215 52.85436555133913 -116.00541974553572
-118.49426375223214 37.67890955133913 -115.91466774553572
-159.32527175223214 53.64434955133915 -17.189707745535717
-159.39912775223212 38.468925551339154 -17.09895574553572
-116.76146375223215 37.564477551339166 116.44152425446428
-66.63391175223215 38.635069551339164 66.29282025446427
-156.00159175223214 55.354781551339144 21.44670825446428
-116.67304775223215 55.73081355133917 116.33291625446428
-65.95733575223214 55.99890955133916 65.59586025446428
-156.09000775223214 37.18844555133914 21.55534825446428
-21.76933575223214 55.503901551339176 155.6202122544643
-21.85775175223214 37.337565551339175 155.7288522544643
112.91284024776786 36.92066955133916 115.40213225446428
151.24637624776787 36.18633355133916 22.79810025446428
62.42976824776785 56.12886155133916 64.74501225446429
112.99658424776786 54.12674955133916 115.29925225446428
20.408520247767857 54.80684555133917 153.6725642544643
151.33012024776787 53.38642955133915 22.69518825446428
20.324776247767858 37.60076555133916 153.7754442544643
68.46400824776785 39.25775755133915 70.96251625446428
111.92029624776785 35.84774155133914 -112.33844374553573
21.49930424776786 36.06393355133914 -149.77005974553572
66.27210424776786 37.791869551339154 -66.67060374553571
21.580264247767857 52.70175755133912 -149.8695797455357
65.76384824776785 53.70886155133915 -66.18045974553573
112.00125624776786 52.485565551339135 -112.43796374553573
149.47210424776787 52.84383755133915 -22.033675745535717
149.39114424776787 36.22223755133915 -21.934187745535716
-6.213847752232144 31.38358155133915 -90.20689174553573
16.774600247767857 31.774205551339126 -84.63396374553572
-24.422551752232142 31.90978955133915 -85.78487574553571
-24.389335752232142 38.542237551339134 -85.82567574553572
16.804264247767858 37.69670155133915 -84.67041174553572
93.44640824776785 32.97670155133916 9.641972254464282
87.86349624776786 33.14425355133916 -13.343947745535718
88.17543224776786 33.00553355133916 31.38696425446428
88.20368824776786 38.55494155133916 31.35221225446428
87.89316024776785 38.93878155133915 -13.380363745535718
-94.87323975223215 34.40815755133916 -3.824779745535718
-89.90978375223214 34.68220555133915 16.61064425446428
-90.45899975223215 34.281181551339145 -22.035275745535717
-90.42578375223215 40.77606155133914 -22.076075745535718
-89.88383175223214 39.74572555133916 16.57877225446428
-4.932887752232143 32.11865355133915 94.19266025446427
16.80999224776786 32.42886155133917 88.91230825446428
-25.370583752232143 32.62706955133916 89.23806825446428
-25.344631752232143 37.814365551339165 89.20619625446427
16.838248247767858 38.08719755133916 88.87755625446428
-5.667159752232144 60.49404555133917 93.44354025446428
16.075688247767857 60.570877551339166 88.16318825446427
-26.10485575223214 60.76706955133916 88.48894825446428
-26.13080775223214 55.56450955133916 88.52082025446428
16.04743224776786 54.89932555133916 88.19794025446429
-93.83698375223214 61.662941551339145 7.279732254464279
-88.87352775223215 61.71586955133915 27.71518825446428
-89.42277575223214 61.67506955133915 -10.930731745535722
-89.45599175223215 55.21772555133914 -10.88993174553572
-88.89947975223214 56.65225355133914 27.74706025446428
-3.295351752232143 59.374941551339134 -91.54775574553572
19.69309624776786 59.55743755133914 -85.97479574553572
-21.504023752232143 59.68329355133913 -87.12570774553572
-21.537239752232143 53.02038155133914 -87.08487574553573
19.663432247767858 53.61842955133914 -85.93834774553572
91.15223224776786 60.798557551339144 -4.47428374553572
85.56932024776785 60.63734155133915 -27.46017174553572
85.88125624776785 61.07382155133915 17.27074025446428
85.85296824776785 55.57868555133915 17.30546025446428
85.53968824776786 54.853533551339154 -27.42372374553572
-1.4124397522321428 159.55929355133915 194.68139625446426
-138.34229575223213 159.55929355133915 137.96318825446426
-195.06047175223213 159.55929355133912 1.0333642544642672
-138.34229575223213 159.5592935513391 -135.89649174553574
-1.4124077522321428 159.5592935513391 -192.61466774553574
135.51741624776787 159.5592935513391 -135.89645974553574
192.23562424776787 159.55929355133912 1.0333642544642672
135.51741624776787 159.55929355133915 137.96318825446426
-1.4124397522321428 117.96761355133914 1.0333642544642723
172.27639224776786 170.40732555133914 1.0333642544642658
121.40413624776785 170.4073255513391 -121.78317974553573
-1.4124077522321428 170.4073255513391 -172.65549974553574
-124.22898375223214 170.4073255513391 -121.78321174553574
-175.10123975223212 170.40732555133914 1.0333642544642658
-124.22898375223214 170.40732555133917 123.84990825446427
-1.4124397522321428 170.40732555133917 174.72219625446425
121.40413624776785 170.40732555133917 123.84990825446427
-1.4124077522321428 170.40732555133914 1.0333642544642658
173.47306424776787 -73.61597044866086 -3.1654197455357043
122.25031224776785 -72.54873844866086 -126.82349974553571
-1.4124077522321428 -72.10665844866087 -178.0443957455357
-125.07515975223214 -72.54873844866086 -126.8235317455357
-176.29787975223212 -73.61597044866086 -3.1654197455357043
-125.07515975223214 -74.68317044866083 120.49272425446429
-1.4124397522321428 -75.12521844866083 171.7135882544643
122.25031224776785 -74.68317044866083 120.49269225446429
107.03504824776786 -122.90845044866084 -3.590827745535698
75.27152824776786 -122.24669044866083 -80.27191574553571
-1.4124077522321428 -121.97251444866087 -112.0342837455357
-78.09634375223214 -122.24669044866083 -80.27191574553571
-109.85989575223215 -122.90845044866084 -3.590827745535698
-78.09634375223214 -123.57030644866083 73.0902602544643
-1.4124397522321428 -123.84438644866086 104.85259625446429
75.27152824776786 -123.57030644866083 73.0902602544643
47.94170424776785 -142.90800244866085 -3.763435745535696
33.48621624776786 -142.60678644866084 -38.660747745535694
-1.4124077522321428 -142.4820824486609 -53.11569174553569
-36.31103175223215 -142.60678644866084 -38.660747745535694
-50.76651975223214 -142.90800244866085 -3.763435745535696
-36.31103175223215 -143.2091864486609 31.133908254464302
-1.4124077522321428 -143.33392244866087 45.58885225446431
33.48621624776786 -143.2091864486609 31.133876254464305
-1.4124077522321428 -148.69184244866085 -3.8133557455356955
-1.4124397522321428 -11.14848244866086 -2.626283745535712
190.12935224776786 -18.160994448660844 -2.686795745535711
184.35821624776787 -11.148450448660855 -2.626283745535712
134.02807224776788 -16.992130448660877 -138.12225174553572
129.94727224776787 -10.014786448660862 -133.9810677455357
-1.4124077522321428 -16.50797044866088 -194.22145174553572
-1.4124077522321428 -9.545250448660864 -188.39002774553572
-136.85291975223214 -16.992130448660877 -138.12225174553572
-132.77211975223213 -10.014786448660862 -133.9810677455357
-192.95419975223214 -18.160994448660844 -2.686827745535711
-187.18306375223213 -11.148450448660855 -2.6263157455357122
-136.85288775223214 -19.32985844866084 132.74862825446428
-132.77211975223213 -12.282114448660849 128.72850025446428
-1.4124397522321428 -12.751650448660818 183.1373962544643
-1.4124397522321428 -19.814018448660836 188.8478282544643
134.02807224776788 -19.32985844866084 132.74862825446428
129.94727224776787 -12.282114448660849 128.72846825446427
-1.4124397522321428 117.96761355133917 186.0274762544643
-1.4124397522321428 123.36575755133917 194.6813962544643
-138.34229575223213 123.36575755133916 137.96318825446428
-132.22303175223212 117.96761355133916 131.8439562544643
-195.06047175223213 123.36575755133914 1.0333642544642716
-186.40655175223213 117.96761355133914 1.0333642544642723
-138.34229575223213 123.36575755133913 -135.8964917455357
-132.22303175223212 117.96761355133913 -129.7772277455357
-1.4124077522321428 123.36575755133912 -192.6146677455357
-1.4124077522321428 117.96761355133911 -183.9607477455357
135.51741624776787 123.36575755133913 -135.8964597455357
129.39818424776786 117.96761355133913 -129.7772277455357
192.23562424776787 123.36575755133914 1.0333642544642716
183.58170424776787 117.96761355133914 1.0333642544642723
135.51741624776787 123.36575755133916 137.96318825446428
129.39818424776786 117.96761355133916 131.8439562544643
7.789576247767856 45.43993355133915 12.875316254464282
186.30314424776788 25.269725551339132 -18.305835745535717
148.16704824776787 29.43106955133913 -139.5422837455357
10.859912247767857 41.80940555133912 -186.3901237455357
16.105960247767857 16.98431755133917 203.7302922544643
106.77620024776786 12.24844555133916 130.65288425446428
70.79271224776785 30.493917551339173 167.72792425446428
138.46746424776788 23.337821551339168 67.69336425446429
147.94160824776787 33.69871755133915 -52.23223574553572
60.27642424776786 10.400285551339115 -170.6062837455357
111.66263224776786 8.134525551339134 -10.881515745535713
83.44058424776786 15.98463755133915 -87.78103574553572
60.40327224776785 35.51257355133915 44.318868254464284
10.328456247767857 29.66985355133915 -92.16321174553572
5.776584247767857 9.999901551339144 93.85765225446428
70.70055224776786 22.22799755133918 167.4597642544643
16.013800247767858 8.718397551339175 203.46213225446428
138.37533624776788 15.091133551339162 67.42520425446428
106.68404024776785 3.9825575513391698 130.38469225446428
147.84944824776787 25.432989551339155 -52.50042774553572
186.21101624776787 17.003805551339138 -18.574027745535716
60.184296247767854 2.1344295513391303 -170.8744757455357
148.07488824776786 21.165181551339142 -139.8104437455357
111.57047224776785 -0.03414644866085185 -11.149707745535713
83.34842424776785 7.7978535513391325 -88.04919574553573
7.6974162477678565 37.72105355133915 12.607156254464282
60.31111224776785 27.653149551339162 44.050676254464285
10.236296247767857 21.54582155133915 -92.43137174553573
5.684424247767857 1.8257895513391658 93.58946025446429
10.767752247767856 33.54351755133913 -186.6583157455357
5.527944247767857 45.24521355133915 6.447668254464281
-190.97221575223213 31.835997551339158 -30.315947745535716
-198.46472775223214 42.03772555133915 108.98907625446428
-74.74395975223214 53.313181551339184 210.0836362544643
69.52125624776785 3.627709551339126 -191.98231574553571
-52.25330375223214 5.9882535513391355 -151.9545717455357
0.09581624776785724 22.551069551339133 -176.8156917455357
-108.60338375223215 22.97458955133914 -100.02458774553573
-164.20079175223213 41.65174155133916 19.144596254464282
-121.16360775223214 19.72537355133918 175.9201802544643
-112.41711175223215 9.767485551339131 -8.092747745535714
-112.65327175223214 21.372861551339152 81.55806825446427
-36.90696775223215 34.74806155133914 -45.971435745535715
-38.43199175223214 33.71250955133917 113.95979625446428
37.16560824776786 3.370269551339138 -74.67633174553572
-0.3659117522321429 13.488317551339113 -176.1626677455357
69.05959224776785 -5.435042448660862 -191.3293237455357
-109.06507975223215 13.934237551339123 -99.37159574553573
-52.714999752232146 -3.074434448660873 -151.3016117455357
-164.66251975223213 32.58898955133914 19.797588254464284
-191.43394375223212 22.773277551339145 -29.662923745535714
-121.62530375223214 10.662653551339167 176.5731402544643
-198.92642375223213 32.975005551339166 109.64210025446428
-112.87883975223214 0.8020135513391553 -7.439723745535713
-113.11499975223215 12.360893551339155 82.21109225446428
5.066248247767857 36.75266955133914 7.100692254464282
-37.368663752232145 26.170557551339137 -45.31844374553572
-38.893719752232144 24.711997551339152 114.61275625446427
36.703880247767856 -5.579234448660854 -74.02330774553572
-75.20568775223215 44.25042955133917 210.7366922544643
-1.4124397522321428 62.552797551339154 1.033364254464279
-1.4124397522321428 120.42156555133916 1.0333642544642718
-46.70120775223214 108.46866955133918 186.5158602544643
-44.499959752232144 120.37916555133917 177.5004682544643
-156.66101575223212 120.37916555133916 95.34696425446427
-164.59234375223213 108.46866955133916 100.16530025446427
-177.87954375223214 120.37916555133914 -42.05415574553573
-186.89493575223213 108.46866955133915 -44.25543574553573
-95.72603975223214 120.37916555133913 -154.2152117455357
-100.54437575223214 108.46866955133913 -162.1465717455357
41.675112247767856 120.37916555133911 -175.4337717455357
43.876360247767856 108.46866955133912 -184.4491637455357
153.83613624776788 120.37916555133913 -93.28023574553573
161.76752824776787 108.46866955133913 -98.09853974553573
175.05469624776788 120.37916555133914 44.12088425446427
184.07008824776787 108.46866955133915 46.32213225446427
92.90119224776785 120.37916555133916 156.2819082544643
97.71949624776785 108.46866955133916 164.2133002544643
-44.499959752232144 59.83996555133917 177.5004682544643
-46.70120775223214 71.75042955133918 186.5158602544643
-164.59234375223213 71.75042955133917 100.16530025446427
-156.66101575223212 59.83996555133916 95.34696425446428
-186.89493575223213 71.75042955133915 -44.25543574553572
-177.87954375223214 59.83996555133914 -42.054155745535724
-100.54437575223214 71.75042955133914 -162.1465717455357
-95.72603975223214 59.83996555133913 -154.2152117455357
43.876360247767856 71.75042955133912 -184.4491637455357
41.675112247767856 59.83996555133913 -175.4337717455357
161.76752824776787 71.75042955133914 -98.09853974553573
153.83613624776788 59.839965551339134 -93.28023574553572
184.07008824776787 71.75042955133915 46.32213225446428
175.05469624776788 59.839965551339155 44.12088425446428
97.71949624776785 71.75042955133917 164.2133002544643
92.90119224776785 59.83996555133917 156.2819082544643
-172.67083975223213 1.3464295513391193 -170.2250677455357
169.84602424776787 12.425661551339138 -170.2250677455357
-172.67083975223213 1.3464295513391613 172.2917962544643
169.84602424776787 12.42566155133918 172.2917962544643
-172.67083975223213 -10.508034448660819 172.2917962544643
-172.67083975223213 -10.508034448660862 -170.2250677455357
169.84602424776787 0.571197551339131 -170.2250677455357
169.84602424776787 0.5711975513391729 172.2917962544643
-104.16747975223214 -8.00573044866088 -170.2250677455357
-35.664119752232146 4.813885551339118 -170.2250677455357
32.83927224776785 6.4704615513391195 -170.2250677455357
101.34263224776785 -0.827106448660865 -170.2250677455357
101.34263224776785 -0.8271064486608231 172.2917962544643
32.839240247767854 6.470461551339161 172.2917962544643
-35.664119752232146 4.81388555133916 172.2917962544643
-104.16751175223214 -8.005730448660838 172.2917962544643
-104.16747975223214 -19.860194448660884 -170.2250677455357
-35.664119752232146 -7.040578448660862 -170.2250677455357
32.83927224776785 -5.384002448660859 -170.2250677455357
101.34263224776785 -12.681602448660877 -170.2250677455357
101.34263224776785 -12.681602448660835 172.2917962544643
32.839240247767854 -5.384002448660818 172.2917962544643
-35.664119752232146 -7.0405784486608205 172.2917962544643
-104.16751175223214 -19.86019444866084 172.2917962544643
-172.67083975223213 1.3464295513391509 86.66258025446427
-172.67083975223213 1.3464295513391404 1.0333642544642865
-172.67083975223213 1.3464295513391298 -84.59585174553573
169.84602424776787 12.425661551339148 -84.59585174553573
169.84602424776787 12.425661551339159 1.0333642544642851
169.84602424776787 12.42566155133917 86.66258025446427
-172.67083975223213 -10.50803444866083 86.66258025446427
-172.67083975223213 -10.50803444866084 1.033364254464288
-172.67083975223213 -10.508034448660851 -84.59585174553573
169.84602424776787 0.5711975513391415 -84.59585174553573
169.84602424776787 0.571197551339152 1.0333642544642867
169.84602424776787 0.5711975513391625 86.66258025446427
-104.16747975223214 -19.10355444866087 -84.59585174553573
-104.16747975223214 -15.248546448660862 1.0333642544642885
-104.16751175223214 -19.103554448660848 86.66258025446427
-35.664119752232146 -4.259074448660867 -84.59585174553573
-35.664119752232146 2.70911755133916 1.0333642544642863
-35.664119752232146 -4.259074448660845 86.66258025446427
32.83927224776785 -2.6024664486608606 -84.59585174553573
32.839240247767854 4.365725551339137 1.033364254464286
32.839240247767854 -2.6024664486608398 86.66258025446427
101.34263224776785 -11.932002448660851 -84.59585174553573
101.34263224776785 -8.089794448660843 1.0333642544642876
101.34263224776785 -11.93200244866083 86.66258025446427
-104.16751175223214 -7.274818448660831 86.66258025446427
-104.16751175223214 -3.466882448660856 1.0333642544642871
-104.16751175223214 -7.274818448660852 -84.59585174553573
-35.664119752232146 7.55369355133916 86.66258025446427
-35.664119752232146 14.449917551339139 1.033364254464285
-35.664119752232146 7.553693551339139 -84.59585174553573
32.839240247767854 9.210301551339166 86.66258025446427
32.839240247767854 16.106493551339142 1.0333642544642847
32.83927224776785 9.210301551339144 -84.59585174553573
101.34263224776785 -0.12141044866084454 86.66258025446427
101.34263224776785 3.63970955133915 1.0333642544642863
101.34263224776785 -0.12141044866086552 -84.59585174553573
-33.55010375223215 -108.00774644866081 108.37861225446429
-35.62434375223214 -113.87568244866085 113.54565225446429
-28.31205575223214 -97.41648244866084 122.50926825446429
-30.38629575223214 -103.28435444866082 127.67630825446429
-26.07755975223214 -111.06838644866085 107.90264425446429
-28.15183175223214 -116.93625844866082 113.06968425446429
-20.83951175223214 -100.47705844866081 122.0333002544643
-22.913783752232142 -106.34496244866082 127.2003402544643
75.89466424776785 -123.83296244866084 -54.7506037455357
70.77642424776785 -127.56678644866086 -49.7211957455357
86.71050424776786 -119.45910644866083 -40.4966517455357
81.59229624776785 -123.19296244866085 -35.4672437455357
79.97828024776786 -130.74681844866086 -55.7277557455357
74.86007224776786 -134.48067444866086 -50.698315745535695
90.79415224776785 -126.37302644866087 -41.4737717455357
85.67591224776785 -130.10688244866088 -36.4443957455357
-84.25218375223214 -117.02931444866084 -66.70980374553571
-87.32834375223214 -117.69843444866085 -59.2584757455357
-69.39912775223215 -126.56029044866085 -61.4338357455357
-72.47525575223214 -127.22934644866085 -53.9825077455357
-87.91608775223214 -123.91891444866087 -68.8410037455357
-90.99221575223214 -124.58806644866087 -61.3896757455357
-73.06299975223214 -133.44985844866085 -63.5650357455357
-76.13915975223215 -134.1189464486609 -56.1137077455357
-35.03650375223214 -140.4109144486609 11.971060254464303
-33.14594375223214 -140.22656244866084 19.833940254464302
-17.15109575223214 -141.46915444866084 7.695476254464304
-15.260535752232144 -141.2848344486609 15.558324254464303
-35.44546375223214 -148.48445044866088 12.258676254464305
-33.554871752232145 -148.30022644866085 20.121556254464302
-17.56005575223214 -149.54278644866088 7.983092254464306
-15.669495752232143 -149.3584344486609 15.845972254464305
111.82548024776786 -106.14761844866085 26.7103242544643
111.05216824776785 -104.29885044866084 34.5472202544643
126.18452024776785 -94.68256244866085 25.4225482544643
125.41124024776785 -92.83382644866087 33.2594442544643
116.83264824776785 -112.20281844866086 28.6328522544643
116.05936824776785 -110.35405044866086 36.4697482544643
131.19172024776788 -100.73776244866086 27.3450762544643
130.41840824776787 -98.88899444866085 35.1819402544643
29.21114424776786 -119.31504244866083 -111.5965237455357
27.739240247767857 -113.45654644866084 -106.21652374553571
23.185416247767858 -108.38713844866089 -125.14493974553571
21.713544247767857 -102.52864244866089 -119.76490774553571
36.71207224776786 -116.47241844866085 -112.63975574553571
35.240168247767855 -110.61392244866084 -107.2597877455357
30.686376247767857 -105.54448244866086 -126.18817174553571
29.21447224776786 -99.68605044866086 -120.8081717455357
34.91546424776786 -150.55001844866086 -1.578251745535695
33.49706424776785 -142.67177844866086 -0.41425174553569577
27.737064247767858 -149.34243444866087 -18.498635745535694
26.31866424776786 -141.4641624486609 -17.334635745535696
42.228680247767855 -148.7934104486609 -4.555499745535695
40.810312247767854 -140.91520244866086 -3.3915317455356964
35.05028024776785 -147.58579444866086 -21.475915745535698
33.63188024776785 -139.70761844866087 -20.311883745535695
-109.16399175223215 -111.01507444866084 62.8755082544643
-104.87051975223214 -104.29193844866083 61.5340042544643
-105.22808775223214 -116.92022644866084 45.8776842544643
-100.93458375223214 -110.19712244866086 44.5362122544643
-102.52984775223214 -114.69033844866081 65.68850025446429
-98.23637575223215 -107.96729844866084 64.3469962544643
-98.59391175223215 -120.59555444866086 48.6907082544643
-94.30047175223214 -113.87248244866088 47.3492362544643
-17.35787975223214 -149.07241844866087 -43.824331745535694
-18.311031752232143 -141.51318644866086 -41.107371745535694
-23.396375752232142 -143.86576244866086 -60.42897174553569
-24.34952775223214 -136.30646644866084 -57.71201174553569
-9.775511752232143 -147.32249844866084 -46.033003745535694
-10.728663752232144 -139.7632664486609 -43.31607574553569
-15.814007752232143 -142.11584244866089 -62.63770774553569
-16.76715975223214 -134.55657844866084 -59.920715745535695
27.58442424776786 -134.09990644866087 80.22613225446429
25.14256824776786 -127.63043444866085 76.02891625446429
37.653288247767854 -139.6388504486609 65.8308042544643
35.21146424776786 -133.1693784486609 61.6335562544643
33.90250424776786 -129.89718644866088 83.0282442544643
31.460712247767855 -123.42774644866083 78.83102825446429
43.97140024776785 -135.4361304486609 68.63291625446429
41.52954424776785 -128.96672244866085 64.4357002544643

1768
99 10
10 36
36 100
99 100
4 5
5 65
65 63
4 63
119 7
7 47
47 120
119 120
104 18
18 44
44 106
104 106
104 11
11 37
37 105
104 105
99 11
11 60
60 101
99 101
5 6
6 54
54 53
5 53
119 8
8 55
55 121
119 121
2 3
3 38
38 40
2 40
16 15
15 64
64 66
16 66
12 13
13 49
49 43
12 43
114 11
11 50
50 115
114 115
1 2
2 40
40 41
1 41
3 4
4 63
63 61
3 61
13 17
17 51
51 58
13 58
114 13
13 58
58 116
114 116
6 5
5 28
28 29
6 29
18 14
14 21
21 20
18 20
14 10
10 22
22 21
14 21
4 3
3 26
26 27
4 27
17 13
13 33
33 32
17 32
13 12
12 19
19 33
13 33
12 18
18 20
20 19
12 19
16 17
17 32
32 31
16 31
23 29
29 32
32 33
23 33
30 24
24 19
19 20
30 20
29 28
28 31
31 32
29 32
24 23
23 33
33 19
24 19
25 30
30 20
20 21
25 21
27 26
26 22
22 34
27 34
26 25
25 21
21 22
26 22
28 27
27 34
34 31
28 31
10 15
15 34
34 22
10 22
15 16
16 31
31 34
15 34
7 6
6 29
29 23
7 23
1 9
9 24
24 30
1 30
2 1
1 30
30 25
2 25
9 7
7 23
23 24
9 24
5 4
4 27
27 28
5 28
3 2
2 25
25 26
3 26
41 40
40 96
96 97
41 97
105 37
37 93
93 108
105 108
36 35
35 91
91 92
36 92
130 39
39 95
95 133
130 133
14 18
18 42
42 35
14 35
129 8
8 39
39 130
129 130
134 1
1 41
41 135
134 135
10 14
14 35
35 36
10 36
44 43
43 83
83 84
44 84
47 46
46 86
86 87
47 87
136 45
45 85
85 137
136 137
106 44
44 84
84 107
106 107
18 12
12 43
43 44
18 44
9 1
1 48
48 46
9 46
7 9
9 46
46 47
7 47
134 8
8 45
45 136
134 136
121 55
55 79
79 122
121 122
110 52
52 76
76 113
110 113
53 54
54 78
78 77
53 77
51 56
56 80
80 75
51 75
109 11
11 52
52 110
109 110
6 7
7 57
57 54
6 54
17 16
16 56
56 51
17 51
124 5
5 53
53 125
124 125
66 64
64 72
72 74
66 74
131 61
61 69
69 132
131 132
63 65
65 73
73 71
63 71
111 66
66 74
74 112
111 112
109 16
16 66
66 111
109 111
15 10
10 59
59 64
15 64
129 3
3 61
61 131
129 131
124 8
8 62
62 126
124 126
126 62
62 70
70 127
126 127
64 59
59 67
67 72
64 72
61 63
63 71
71 69
61 69
101 60
60 68
68 102
101 102
54 57
57 81
81 78
54 78
116 58
58 82
82 117
116 117
58 51
51 75
75 82
58 82
125 53
53 77
77 128
125 128
115 50
50 90
90 118
115 118
120 47
47 87
87 123
120 123
43 49
49 89
89 83
43 83
46 48
48 88
88 86
46 86
40 38
38 94
94 96
40 96
100 36
36 92
92 103
100 103
35 42
42 98
98 91
35 91
135 41
41 97
97 138
135 138
37 100
100 103
103 93
37 93
59 101
101 102
102 67
59 67
10 99
99 101
101 59
10 59
11 99
99 100
100 37
11 37
50 106
106 107
107 90
50 90
42 105
105 108
108 98
42 98
18 104
104 105
105 42
18 42
11 104
104 106
106 50
11 50
11 109
109 111
111 60
11 60
60 111
111 112
112 68
60 68
16 109
109 110
110 56
16 56
56 110
110 113
113 80
56 80
49 115
115 118
118 89
49 89
52 116
116 117
117 76
52 76
11 114
114 116
116 52
11 52
13 114
114 115
115 49
13 49
45 120
120 123
123 85
45 85
57 121
121 122
122 81
57 81
7 119
119 121
121 57
7 57
8 119
119 120
120 45
8 45
55 125
125 128
128 79
55 79
65 126
126 127
127 73
65 73
5 124
124 126
126 65
5 65
8 124
124 125
125 55
8 55
8 129
129 131
131 62
8 62
62 131
131 132
132 70
62 70
3 129
129 130
130 38
3 38
38 130
130 133
133 94
38 94
39 135
135 138
138 95
39 95
1 134
134 136
136 48
1 48
48 136
136 137
137 88
48 88
8 134
134 135
135 39
8 39
71 70
70 132
132 69
71 69
73 127
127 70
70 71
73 71
72 67
67 102
102 68
72 68
74 72
72 68
68 112
74 112
78 79
79 128
128 77
78 77
81 122
122 79
79 78
81 78
75 80
80 113
113 76
75 76
82 75
75 76
76 117
82 117
86 85
85 123
123 87
86 87
88 137
137 85
85 86
88 86
83 89
89 118
118 90
83 90
84 83
83 90
90 107
84 107
96 95
95 138
138 97
96 97
94 133
133 95
95 96
94 96
91 98
98 108
108 93
91 93
92 91
91 93
93 103
92 103
220 222
222 227
220 227
219 221
221 229
219 229
216 223
223 225
216 225
217 224
224 226
217 226
226 228
228 215
226 215
226 224
224 228
226 228
224 218
218 228
224 228
225 226
226 215
225 215
225 223
223 226
225 226
223 217
217 226
223 226
229 227
227 215
229 215
229 221
221 227
229 227
221 220
220 227
221 227
227 225
225 215
227 215
227 222
222 225
227 225
222 216
216 225
222 225
233 241
241 232
233 232
231 243
243 230
231 230
235 238
238 234
235 234
237 239
239 236
237 236
239 240
240 242
239 242
239 242
242 236
239 236
236 242
242 244
236 244
238 240
240 239
238 239
238 239
239 234
238 234
234 239
239 237
234 237
243 240
240 241
243 241
243 241
241 230
243 230
230 241
241 233
230 233
241 240
240 238
241 238
241 238
238 232
241 232
232 238
238 235
232 235
217 237
237 236
236 224
217 224
222 232
232 235
235 216
222 216
229 243
243 231
231 219
229 219
219 231
231 230
230 221
219 221
228 242
242 240
240 215
228 215
223 234
234 237
237 217
223 217
220 233
233 232
232 222
220 222
215 240
240 243
243 229
215 229
224 236
236 244
244 218
224 218
216 235
235 234
234 223
216 223
221 230
230 233
233 220
221 220
218 244
244 242
242 228
218 228
250 252
252 257
250 257
249 251
251 259
249 259
246 253
253 255
246 255
247 254
254 256
247 256
256 258
258 245
256 245
256 254
254 258
256 258
254 248
248 258
254 258
255 256
256 245
255 245
255 253
253 256
255 256
253 247
247 256
253 256
259 257
257 245
259 245
259 251
251 257
259 257
251 250
250 257
251 257
257 255
255 245
257 245
257 252
252 255
257 255
252 246
246 255
252 255
263 271
271 262
263 262
261 273
273 260
261 260
265 268
268 264
265 264
267 269
269 266
267 266
269 270
270 272
269 272
269 272
272 266
269 266
266 272
272 274
266 274
268 270
270 269
268 269
268 269
269 264
268 264
264 269
269 267
264 267
273 270
270 271
273 271
273 271
271 260
273 260
260 271
271 263
260 263
271 270
270 268
271 268
271 268
268 262
271 262
262 268
268 265
262 265
247 267
267 266
266 254
247 254
252 262
262 265
265 246
252 246
259 273
273 261
261 249
259 249
249 261
261 260
260 251
249 251
258 272
272 270
270 245
258 245
253 264
264 267
267 247
253 247
250 263
263 262
262 252
250 252
245 270
270 273
273 259
245 259
254 266
266 274
274 248
254 248
246 265
265 264
264 253
246 253
251 260
260 263
263 250
251 250
248 274
274 272
272 258
248 258
210 212
212 147
210 147
206 208
208 147
206 147
214 199
199 147
214 147
139 140
140 201
201 200
139 200
212 214
214 147
212 147
208 210
210 147
208 147
204 206
206 147
204 147
146 139
139 200
200 213
146 213
202 204
204 147
202 147
144 145
145 211
211 209
144 209
142 143
143 207
207 205
142 205
140 141
141 203
203 201
140 201
145 146
146 213
213 211
145 211
143 144
144 209
209 207
143 207
141 142
142 205
205 203
141 203
146 145
145 148
148 155
146 155
144 143
143 150
150 149
144 149
142 141
141 152
152 151
142 151
140 139
139 154
154 153
140 153
139 146
146 155
155 154
139 154
145 144
144 149
149 148
145 148
143 142
142 151
151 150
143 150
141 140
140 153
153 152
141 152
153 154
154 156
153 156
151 152
152 156
151 156
149 150
150 156
149 156
155 148
148 156
155 156
154 155
155 156
154 156
152 153
153 156
152 156
150 151
151 156
150 156
148 149
149 156
148 156
194 195
195 182
194 182
190 192
192 182
190 182
198 184
184 182
198 182
195 198
198 182
195 182
192 194
194 182
192 182
188 190
190 182
188 182
184 186
186 182
184 182
158 157
157 165
165 166
158 166
160 159
159 167
167 168
160 168
162 161
161 169
169 170
162 170
157 164
164 172
172 165
157 165
159 158
158 166
166 167
159 167
163 162
162 170
170 171
163 171
161 160
160 168
168 169
161 169
164 163
163 171
171 172
164 172
165 172
172 180
180 173
165 173
167 166
166 174
174 175
167 175
169 168
168 176
176 177
169 177
172 171
171 179
179 180
172 180
166 165
165 173
173 174
166 174
168 167
167 175
175 176
168 176
170 169
169 177
177 178
170 178
171 170
170 178
178 179
171 179
178 177
177 181
178 181
179 178
178 181
179 181
173 180
180 181
173 181
175 174
174 181
175 181
177 176
176 181
177 181
180 179
179 181
180 181
174 173
173 181
174 181
176 175
175 181
176 181
193 191
191 161
161 162
193 162
189 187
187 159
159 160
189 160
185 183
183 157
157 158
185 158
197 196
196 163
163 164
197 164
196 193
193 162
162 163
196 163
191 189
189 160
160 161
191 161
187 185
185 158
158 159
187 159
186 188
188 182
186 182
196 197
197 198
198 195
196 195
197 183
183 184
184 198
197 198
183 185
185 186
186 184
183 184
185 187
187 188
188 186
185 186
187 189
189 190
190 188
187 188
189 191
191 192
192 190
189 190
191 193
193 194
194 192
191 192
193 196
196 195
195 194
193 194
183 197
197 164
164 157
183 157
202 199
199 200
200 201
202 201
204 202
202 201
201 203
204 203
206 204
204 203
203 205
206 205
208 206
206 205
205 207
208 207
210 208
208 207
207 209
210 209
212 210
210 209
209 211
212 211
214 212
212 211
211 213
214 213
199 214
214 213
213 200
199 200
199 202
202 147
199 147
278 291
291 276
278 276
279 278
278 276
279 276
289 287
287 276
289 276
285 283
283 276
285 276
281 279
279 276
281 276
291 289
289 276
291 276
287 285
285 276
287 276
283 281
281 276
283 276
296 298
298 275
296 275
306 308
308 275
306 275
302 304
304 275
302 275
298 300
300 275
298 275
304 306
306 275
304 275
300 302
302 275
300 275
308 293
293 275
308 275
293 296
296 275
293 275
288 290
290 305
305 303
288 303
284 286
286 301
301 299
284 299
280 282
282 297
297 295
280 295
292 277
277 294
294 307
292 307
290 292
292 307
307 305
290 305
286 288
288 303
303 301
286 301
282 284
284 299
299 297
282 297
280 277
277 278
278 279
280 279
282 280
280 279
279 281
282 281
284 282
282 281
281 283
284 283
286 284
284 283
283 285
286 285
288 286
286 285
285 287
288 287
290 288
288 287
287 289
290 289
292 290
290 289
289 291
292 291
277 292
292 291
291 278
277 278
294 295
295 296
296 293
294 293
295 297
297 298
298 296
295 296
297 299
299 300
300 298
297 298
299 301
301 302
302 300
299 300
301 303
303 304
304 302
301 302
303 305
305 306
306 304
303 304
305 307
307 308
308 306
305 306
307 294
294 293
293 308
307 308
277 280
280 295
295 294
277 294
369 370
370 372
372 371
369 371
371 372
372 376
376 375
371 375
375 376
376 374
374 373
375 373
373 374
374 370
370 369
373 369
371 375
375 373
373 369
371 369
376 372
372 370
370 374
376 374
377 378
378 380
380 379
377 379
379 380
380 384
384 383
379 383
383 384
384 382
382 381
383 381
381 382
382 378
378 377
381 377
379 383
383 381
381 377
379 377
384 380
380 378
378 382
384 382
385 386
386 388
388 387
385 387
387 388
388 392
392 391
387 391
391 392
392 390
390 389
391 389
389 390
390 386
386 385
389 385
387 391
391 389
389 385
387 385
392 388
388 386
386 390
392 390
393 394
394 396
396 395
393 395
395 396
396 400
400 399
395 399
399 400
400 398
398 397
399 397
397 398
398 394
394 393
397 393
395 399
399 397
397 393
395 393
400 396
396 394
394 398
400 398
401 402
402 404
404 403
401 403
403 404
404 408
408 407
403 407
407 408
408 406
406 405
407 405
405 406
406 402
402 401
405 401
403 407
407 405
405 401
403 401
408 404
404 402
402 406
408 406
409 410
410 412
412 411
409 411
411 412
412 416
416 415
411 415
415 416
416 414
414 413
415 413
413 414
414 410
410 409
413 409
411 415
415 413
413 409
411 409
416 412
412 410
410 414
416 414
417 418
418 420
420 419
417 419
419 420
420 424
424 423
419 423
423 424
424 422
422 421
423 421
421 422
422 418
418 417
421 417
419 423
423 421
421 417
419 417
424 420
420 418
418 422
424 422
425 426
426 428
428 427
425 427
427 428
428 432
432 431
427 431
431 432
432 430
430 429
431 429
429 430
430 426
426 425
429 425
427 431
431 429
429 425
427 425
432 428
428 426
426 430
432 430
433 434
434 436
436 435
433 435
435 436
436 440
440 439
435 439
439 440
440 438
438 437
439 437
437 438
438 434
434 433
437 433
435 439
439 437
437 433
435 433
440 436
436 434
434 438
440 438
441 442
442 444
444 443
441 443
443 444
444 448
448 447
443 447
447 448
448 446
446 445
447 445
445 446
446 442
442 441
445 441
443 447
447 445
445 441
443 441
448 444
444 442
442 446
448 446
366 321
321 312
312 338
366 338
356 344
344 316
316 329
356 329
335 309
309 314
314 341
335 341
324 311
311 313
313 332
324 332
320 310
310 315
315 328
320 328
338 312
312 316
316 344
338 344
309 317
317 325
325 314
309 314
317 318
318 326
326 325
317 325
318 319
319 327
327 326
318 326
319 320
320 328
328 327
319 327
312 321
321 329
329 316
312 316
321 322
322 330
330 329
321 329
322 323
323 331
331 330
322 330
323 324
324 332
332 331
323 331
339 347
347 332
332 313
339 313
347 350
350 331
331 332
347 332
350 353
353 330
330 331
350 331
353 356
356 329
329 330
353 330
333 311
311 324
324 357
333 357
357 324
324 323
323 360
357 360
360 323
323 322
322 363
360 363
363 322
322 321
321 366
363 366
319 365
365 368
368 320
319 320
365 364
364 367
367 368
365 368
364 363
363 366
366 367
364 367
318 362
362 365
365 319
318 319
362 361
361 364
364 365
362 365
361 360
360 363
363 364
361 364
317 359
359 362
362 318
317 318
359 358
358 361
361 362
359 362
358 357
357 360
360 361
358 361
309 335
335 359
359 317
309 317
335 334
334 358
358 359
335 359
334 333
333 357
357 358
334 358
327 328
328 354
354 351
327 351
351 354
354 355
355 352
351 352
352 355
355 356
356 353
352 353
326 327
327 351
351 348
326 348
348 351
351 352
352 349
348 349
349 352
352 353
353 350
349 350
325 326
326 348
348 345
325 345
345 348
348 349
349 346
345 346
346 349
349 350
350 347
346 347
314 325
325 345
345 341
314 341
341 345
345 346
346 340
341 340
340 346
346 347
347 339
340 339
310 336
336 342
342 315
310 315
336 337
337 343
343 342
336 342
337 338
338 344
344 343
337 343
311 333
333 339
339 313
311 313
333 334
334 340
340 339
333 339
334 335
335 341
341 340
334 340
328 315
315 342
342 354
328 354
354 342
342 343
343 355
354 355
355 343
343 344
344 356
355 356
320 368
368 336
336 310
320 310
368 367
367 337
337 336
368 336
367 366
366 338
338 337
367 337
